pX1 =[0.2809   -0.3099    1.2360    0.6294   -1.5636
   -1.8553   -1.2505   -0.5167    0.8069   -0.2043
   -0.5899    1.2982   -0.4661   -0.3986    0.8220
   -1.6741   -1.4809    0.6339   -0.5603   -1.3476
    0.7042   -0.9480    0.2758   -0.0870    1.0641
   -0.5858   -0.9887   -0.8047   -0.2497    0.5529
   -0.4516   -1.6235   -0.0221   -1.8173    0.9612
   -0.7258    0.4841   -0.7598    0.1910    1.1902
   -0.2966    1.0323    0.3074   -0.2305   -2.3657
    0.2070    0.7795   -0.8449    1.2045   -0.1003
    1.3064   -0.0252   -1.0430   -1.3578   -0.3832
   -0.5944    0.1848    0.5961    0.3585   -2.0499
   -0.2392   -0.8561   -0.5322    0.0618    0.4227
    0.0978    0.5657    0.7401   -0.7783    0.3098
   -1.5066    0.2908    0.5287    1.1361   -0.0396
   -1.2330   -0.5776   -0.6626   -0.3667    0.5248
   -1.9546    0.6451    1.2300    1.2739    0.3544
   -1.0870   -0.1041    0.1146   -1.0291   -0.3793
    0.1176   -0.9170   -0.5341    0.7556   -0.3434
   -0.3745   -0.6867    0.5534   -0.3810   -0.1228
   -1.3438   -0.5034   -1.3079    1.3024    0.5341
   -0.0942   -0.5052   -1.3589   -1.1607   -0.9174
    1.8058    0.3513   -0.4034    0.2819   -0.3947
    2.1242   -1.7280    0.5129    1.6215    1.9876

  Columns 6 through 10 

    0.0084    0.0105   -0.5881   -0.7648    1.9825
    0.0903    1.0290   -0.2495   -0.4713    0.8282
    0.5752   -1.7763    0.5673   -1.2061    0.9395
   -0.8038    0.2975   -0.3134   -1.1645    1.8743
   -0.5519    0.0016    0.2168    1.5671   -0.6348
   -0.3706   -0.2267    1.5646   -1.6611   -0.6100
    0.7540   -0.3654   -2.1544    0.2612    1.4745
    0.9347   -0.1033   -0.4733   -0.6301    0.6150
    0.3088    0.1110   -0.8469    0.4880    0.9526
   -1.6046    0.9472   -0.0187   -0.8003    0.8268
    0.0228    0.5005    1.0610    1.8445    0.3410
    0.5924    0.9460    1.3720    0.1181    0.1878
   -0.6890   -1.2680    1.2412   -0.3911   -2.4345
    0.7191   -0.8566   -1.8885    0.8027    0.2693
   -0.7152   -0.5663   -0.0265   -0.3330    1.1670
    1.1478    0.4179   -0.3419    0.5436    0.0516
   -0.1715    1.5212   -0.1020   -1.2471    0.8075
    0.9746    0.8583   -0.6968    0.1196    0.2290
    1.9616    0.0079    1.2800   -0.6342    1.0650
    1.7948   -0.0059    1.9662   -0.1044   -1.5885
   -0.6381   -0.0994   -1.9377    1.0428   -0.0720
   -0.6783    2.4295   -0.4917    1.1070    0.9058
   -0.2925    0.2922   -0.4590    0.5406   -2.1551
   -0.0260    0.1097   -0.1788    0.4448    1.2438

  Column 11 

   -0.3269
   -2.7201
    0.8657
    0.8637
   -0.3894
    0.8107
   -1.5963
    0.8459
    0.8526
   -1.3116
    2.4646
    0.6641
    1.0039
    1.4757
    1.0388
   -0.3354
    1.3204
   -0.7708
    0.2955
   -2.0390
   -0.3320
    2.0961
   -1.1341
   -1.0829
   
   
   pY1 =

  Columns 1 through 5 

   -2.7796   -0.9124    0.2132    0.6294   -1.5636
   -1.1893    0.1267   -0.1133    0.8069    1.1952
   -0.3785    1.2982   -0.4661   -0.7321   -0.9069
    0.0315   -1.4809   -1.1072    0.6175   -1.1461
   -0.4375    1.5772   -1.8183   -1.3092   -1.6535
   -2.2625   -0.2497   -1.0490    0.8975    0.0636
   -0.3113    0.5533    1.2015    0.2511    0.4642
   -0.6652   -0.3961    0.1157   -0.7412    0.0603
   -0.8967    1.0323    0.1546   -0.2305    0.1898
   -0.9830    0.7795    0.9913    1.9640    0.2242
   -0.5446    0.9153   -0.5202    0.4948   -0.3832
    0.5502    1.6969    0.1558   -0.4641   -2.0499
    1.1503   -2.4270   -0.5508   -0.8441   -0.0588
   -1.3378    0.6565   -0.8937   -0.8145   -1.1314
    0.5112    1.4243    0.9450    0.2873    0.2912
    0.3683    0.3153   -0.2517    0.5757   -1.4663
   -0.5264   -1.0011   -0.7542    2.2222    1.1468
    0.5851   -0.0866    2.3547   -0.0679   -1.3261
    0.1176    0.4296   -1.8429    0.7556    1.0319
   -0.1897    1.3676   -1.3894    0.8276    0.9903
   -1.3438    1.2020    0.1690   -0.1235    0.0793
    0.3472   -0.0749    1.2982   -1.1234    0.0961
   -0.5693    0.3036    0.0577   -0.2696   -1.4982
   -0.4326    2.0576    1.1421   -2.4202   -1.3994

  Columns 6 through 10 

   -0.2732   -0.5685    1.7685    0.2924   -0.3218
    0.2901    0.1962   -1.3798   -0.1195    0.8282
   -0.7577   -0.1412   -0.8317    0.7131   -0.1872
   -1.8121    1.3574   -0.2104   -0.8825   -1.2063
    0.4223   -1.2610   -1.4364    1.0647   -0.6348
   -0.2258   -0.5813   -0.0372    0.2802    2.1092
   -0.2499    0.6644   -2.1544   -0.0057    0.9384
    0.6571    0.4470    0.3790   -0.6301    0.6150
   -0.1881    1.1012   -0.3739    0.6922    0.9526
    1.2185    1.8332    0.5612   -0.6556    1.2608
    0.6296    0.2727    1.0610   -1.4738    1.1672
   -0.5215   -0.2116    0.4225   -0.2257    1.4406
   -1.7760   -0.1878    1.2170    0.0930    2.2777
    1.1882    1.0955   -0.8644   -0.5775   -1.6413
   -0.3311    1.6712    2.2734    0.7005   -2.0003
    1.3915   -0.2937   -0.6070    0.7792   -0.3974
   -0.8484    0.8057   -0.2188    1.1307    1.1074
   -0.5503    0.9206   -1.7088   -0.5142    1.3393
   -0.3805    0.0079   -1.0711   -0.4170    0.5927
    0.8678   -1.0249    0.3157   -2.7748    1.0863
   -1.6312    0.3957   -0.2344   -2.4535    1.2860
    1.0771   -1.6132   -0.7107   -1.0110    1.0515
   -0.9966   -0.4766   -0.7226    1.6953    0.1301
    1.2649   -2.6936   -0.4977   -0.7596   -0.7363

  Column 11 

   -1.4195
    2.4629
    1.0266
   -1.9258
   -0.3894
    0.9665
    0.1047
    1.6402
    1.6358
   -1.3116
    2.4646
   -1.0075
   -0.7071
   -1.0625
    0.4711
   -0.3768
   -0.6468
    0.9143
    0.3012
    0.2080
   -0.9915
   -0.0249
    0.1049
   -1.0829
   
   
